{
 "cells": [
  {
   "cell_type": "markdown",
   "id": "a46987fa",
   "metadata": {},
   "source": [
    "## MBDoE analysis with finite difference method \n",
    "\n",
    "This notebook runs MBDoE analysis with finite difference method. "
   ]
  },
  {
   "cell_type": "code",
   "execution_count": 1,
   "id": "9ed87bef",
   "metadata": {},
   "outputs": [],
   "source": [
    "import numpy as np \n",
    "import pickle\n",
    "import matplotlib.pyplot as plt"
   ]
  },
  {
   "cell_type": "code",
   "execution_count": 2,
   "id": "557c9a99",
   "metadata": {},
   "outputs": [],
   "source": [
    "def load_pickle(name): \n",
    "    \"\"\"Used for loading data from pickle file \n",
    "    \"\"\"\n",
    "    file = open(name, \"rb\")\n",
    "    data = pickle.load(file)\n",
    "    file.close()\n",
    "    return data\n",
    "def save_pickle(data, name):\n",
    "    \"\"\"Used for saving data to pickle file \n",
    "    \"\"\"\n",
    "    file = open(name, \"wb\")\n",
    "    pickle.dump(data, file)\n",
    "    file.close()"
   ]
  },
  {
   "cell_type": "markdown",
   "id": "a943d1ec",
   "metadata": {},
   "source": [
    "### Define parameters"
   ]
  },
  {
   "cell_type": "code",
   "execution_count": 3,
   "id": "54a2aa59",
   "metadata": {},
   "outputs": [],
   "source": [
    "# parameter nominal values\n",
    "parameter = {\n",
    "    \"C1\": 2.562434e-12, \n",
    "    \"hgx\": 25 * 1e-3, \n",
    "    \"delH_1\": 98.76,\n",
    "    \"delH_2\": 77.11, \n",
    "    \"delH_3\": 21.25\n",
    "}\n",
    "# number of parameters\n",
    "n_para =len(parameter)\n",
    "# parameter name list\n",
    "parameter_names = list(parameter.keys())"
   ]
  },
  {
   "cell_type": "markdown",
   "id": "9374ab4d",
   "metadata": {},
   "source": [
    "### Define measurement names and locations"
   ]
  },
  {
   "cell_type": "code",
   "execution_count": 4,
   "id": "f609d7dd",
   "metadata": {},
   "outputs": [],
   "source": [
    "## Get measurement names \n",
    "measure_keys = [\"y_CO2\", \"P\", \"vg\", \"Tg\", \"Ts\"]\n",
    "# measurements from MO results\n",
    "measure_list = [\n",
    "    \"ads/y_CO2/1/0.1\",\n",
    "    \"ads/y_CO2/1/0.796\", \n",
    "    \"des/y_CO2/0/0.349\",\n",
    "    \"des/y_CO2/0/0.398\",\n",
    "    \"des/y_CO2/0/0.896\",\n",
    "    \"des/y_CO2/0.115/0.349\",\n",
    "    \"des/y_CO2/0.188/0.349\", \n",
    "    \"des/y_CO2/0.5/0.896\",\n",
    "]"
   ]
  },
  {
   "cell_type": "code",
   "execution_count": 6,
   "id": "48ce9421",
   "metadata": {},
   "outputs": [],
   "source": [
    "def gradient(upper, lower, original, step, param_value, \n",
    "             option=\"scale_parameter\", \n",
    "             finite_diff_option=\"central\"):\n",
    "    \"\"\"\n",
    "    Finite difference calculation \n",
    "    \n",
    "    Arguments\n",
    "    ---------\n",
    "    upper: float\n",
    "        measurement value with forward perturbing the parameters \n",
    "    lower: float\n",
    "        measurement value with backward perturbing the parameters \n",
    "    original: float\n",
    "        measurement value not perturbing the parameters \n",
    "    step: float\n",
    "        step size\n",
    "    param_value: float\n",
    "        the parameter nominal value that is perturbed \n",
    "    option: string \n",
    "        choose from \"scale_parameter\", \"not_scale_parameter\", \"scale_para_and_measure\"\n",
    "        decide if the stepsize is scaled by the parameter nominal value\n",
    "        and if the measurement is scaled by the measurement value \n",
    "    finite_diff_option: string\n",
    "        choose from \"upper\", \"lower\", \"central\"\n",
    "        upper means forward FD, lower means backward FD, central means central FD\n",
    "    \"\"\"\n",
    "    # central finite difference\n",
    "    if finite_diff_option==\"central\":\n",
    "        if option==\"scale_parameter\":\n",
    "            return (upper-lower)/2/step\n",
    "        elif option==\"not_scale_parameter\":\n",
    "            return (upper-lower)/2/step/param_value\n",
    "        elif option==\"scale_para_and_measure\":\n",
    "            return (upper/original-lower/original)/2/step\n",
    "    # forward finite difference\n",
    "    elif finite_diff_option==\"upper\":\n",
    "        if option==\"scale_parameter\":\n",
    "            return (upper-original)/step\n",
    "        elif option==\"not_scale_parameter\":\n",
    "            return (upper-original)/step/param_value\n",
    "        elif option==\"scale_para_and_measure\":\n",
    "            return (upper/original-1)/step\n",
    "    # backward finite difference\n",
    "    elif finite_diff_option==\"lower\":\n",
    "        if option==\"scale_parameter\":\n",
    "            return (original-lower)/step\n",
    "        elif option==\"not_scale_parameter\":\n",
    "            return (original-lower)/step/param_value\n",
    "        elif option==\"scale_para_and_measure\":\n",
    "            return (original-lower)/step\n",
    "    else:\n",
    "        raise ValueError(\"Finite_diff_option should be upper, lower, or central\")"
   ]
  },
  {
   "cell_type": "code",
   "execution_count": 8,
   "id": "b5a758af",
   "metadata": {},
   "outputs": [],
   "source": [
    "def convert_tuple(file):\n",
    "    \"\"\"\n",
    "    This function gets a dictionary, and round the fractions in the \n",
    "    keys to 3 positions \n",
    "    For e.g., {(0.1512, 0.322352): 1} is converted to {(0.151, 0.322): 1}\n",
    "    \n",
    "    Arguments \n",
    "    ---------\n",
    "    file: dict\n",
    "    \n",
    "    Return \n",
    "    ------\n",
    "    new_file: dict, fractions in keys are rounded to 0.001\n",
    "    \"\"\"\n",
    "    # create dict\n",
    "    new_file = {}\n",
    "    # loop over each key in dict\n",
    "    for a, b in file:\n",
    "        # get value\n",
    "        v = file[(a,b)]\n",
    "        # if there is a fraction in the key\n",
    "        if a not in [0,1.0]:\n",
    "            # round it to 0.001 \n",
    "            a = round(a, 3)\n",
    "        # if b is 0.1, no need to round\n",
    "        if b!= 0.1:\n",
    "            b = round(b, 3)\n",
    "        # create new item in the new dict\n",
    "        new_file[(a,b)] = v\n",
    "    return new_file"
   ]
  },
  {
   "cell_type": "code",
   "execution_count": 9,
   "id": "51d1b0d2",
   "metadata": {},
   "outputs": [],
   "source": [
    "def read_pickle_sens(path): \n",
    "    \"\"\"\n",
    "    For five parameters, run its backward perturbation\n",
    "    Stored ads. and des. results separately\n",
    "    we also have original case with original parameter nominal values\n",
    "    This function reads all the perturbed model output, returns them as dict\n",
    "    \n",
    "    Arguments\n",
    "    --------\n",
    "    path: string for file path \n",
    "    \n",
    "    Return \n",
    "    ------\n",
    "    original_ads: adsorption model output  \n",
    "    original_des: desorption model output  \n",
    "    ads_c1: adsorption model output for C1 perturbed model\n",
    "    des_c1: desorption model output for C1 perturbed model\n",
    "    ads_hgx: adsorption model output for hgx perturbed model\n",
    "    des_hgx: desorption model output for hgx perturbed model\n",
    "    ads_h1: adsorption model output for h1 perturbed model\n",
    "    des_h1: desorption model output for h1 perturbed model\n",
    "    ads_h2:adsorption model output for h2 perturbed model\n",
    "    des_h2:  desorption model output for h2 perturbed model\n",
    "    ads_h3: adsorption model output for h3 perturbed model\n",
    "    des_h3: desorption model output for h3 perturbed model\n",
    "    \"\"\"   \n",
    "    # original model\n",
    "    original_ads = load_pickle(path + \"base_ads\")\n",
    "    original_des = load_pickle(path + \"base_des\")\n",
    "    # perturb C1\n",
    "    ads_c1 = load_pickle(path + \"C1low_ads\")\n",
    "    des_c1 = load_pickle(path + \"C1low_des\")\n",
    "    # perturb hgx\n",
    "    ads_hgx = load_pickle(path + \"hgxlow_ads\")\n",
    "    des_hgx = load_pickle(path + \"hgxlow_des\")\n",
    "    # perturb h1 \n",
    "    ads_h1 = load_pickle(path + \"h1low_ads\")\n",
    "    des_h1 = load_pickle(path + \"h1low_des\")\n",
    "    # perturb h2\n",
    "    ads_h2 = load_pickle(path + \"h2low_ads\")\n",
    "    des_h2 = load_pickle(path + \"h2low_des\")\n",
    "    # perturb h3\n",
    "    ads_h3 = load_pickle(path + \"h3low_ads\")\n",
    "    des_h3 = load_pickle(path + \"h3low_des\")\n",
    "    \n",
    "    return [original_ads, original_des, ads_c1, des_c1, \n",
    "           ads_hgx, des_hgx, ads_h1, des_h1,\n",
    "           ads_h2, des_h2, ads_h3, des_h3]"
   ]
  },
  {
   "cell_type": "code",
   "execution_count": 10,
   "id": "88092397",
   "metadata": {},
   "outputs": [],
   "source": [
    "def jacobian_and_var(all_lists, measure_name, stepsize, scale_option=\"scale_parameter\"):\n",
    "    \"\"\"\n",
    "    Compute Jacobian and variance of one measurement\n",
    "    \n",
    "    Arguments \n",
    "    ---------\n",
    "    key: measurement name \n",
    "    ads_measure: if this is this measurement in the adsorption part \n",
    "    scale_option: choose from \"scale_parameter\", \"not_scale_parameter\", \"scale_para_and_measure\"\n",
    "        decide if the stepsize is scaled by the parameter nominal value\n",
    "        and if the measurement is scaled by the measurement value \n",
    "    step: 0.001 is default \n",
    "    std: standard deviation, 0.01 is the default \n",
    "    \n",
    "    Return \n",
    "    ------\n",
    "    jacobian: numpy array of shape [Nm*Np], Np is # of parameters, Nm is # of total measurements  \n",
    "    var: numpy array of shape [Nm]\n",
    "    \"\"\"\n",
    "    # split measurement names\n",
    "    # sec: ads. or des.\n",
    "    # n: measurement name\n",
    "    # z, theta: z and theta location index\n",
    "    sec, n, z, theta = measure_name.split(\"/\")\n",
    "    # give different variance according to which measurement\n",
    "    if n == \"Tg\" or n==\"Ts\":\n",
    "        var = 1**2 # K\n",
    "    elif n==\"P\":\n",
    "        var = 0.005**2 # bar\n",
    "    elif n==\"y_CO2\":\n",
    "        var = 0.01**2 # 1\n",
    "    elif n==\"vg\":\n",
    "        var = 0.01**2 # m/s\n",
    "    \n",
    "    # adsorption section measurements \n",
    "    if sec == \"ads\":\n",
    "        original = convert_tuple(all_lists[0][n])\n",
    "        pert_c1 = convert_tuple(all_lists[2][n])\n",
    "        pert_hgx = convert_tuple(all_lists[4][n])\n",
    "        pert_h1 = convert_tuple(all_lists[6][n])\n",
    "        pert_h2 = convert_tuple(all_lists[8][n])\n",
    "        pert_h3 = convert_tuple(all_lists[10][n])\n",
    "    # desorption section measurements \n",
    "    elif sec == \"des\":\n",
    "        original = convert_tuple(all_lists[1][n])\n",
    "        pert_c1 = convert_tuple(all_lists[3][n])\n",
    "        pert_hgx = convert_tuple(all_lists[5][n])\n",
    "        pert_h1 = convert_tuple(all_lists[7][n])\n",
    "        pert_h2 = convert_tuple(all_lists[9][n])\n",
    "        pert_h3 = convert_tuple(all_lists[11][n])\n",
    "\n",
    "    # convert z and theta to float to be consistent with the keys\n",
    "    z = float(z)\n",
    "    theta = float(theta)\n",
    "    # initialize Jacobian matrix \n",
    "    Q = [0]*n_para\n",
    "    # First column of Jacobian, which is according to C1 parameter\n",
    "    Q[0] = gradient(None, \n",
    "                    pert_c1[(z,theta)], \n",
    "                    original[(z,theta)],\n",
    "                     stepsize[0], \n",
    "                     parameter[\"C1\"], \n",
    "                    finite_diff_option=\"lower\",\n",
    "                     option=scale_option)            \n",
    "    # Second column of Jacobian, which is according to hgx parameter\n",
    "    Q[1] = gradient(None, \n",
    "                    pert_hgx[(z,theta)], \n",
    "                    original[(z,theta)],\n",
    "                     stepsize[1], \n",
    "                     parameter[\"hgx\"], \n",
    "                    finite_diff_option=\"lower\",\n",
    "                     option=scale_option)\n",
    "    # 3rd column of Jacobian, which is according to h1 parameter\n",
    "    Q[2] = gradient(None, \n",
    "                    pert_h1[(z,theta)], \n",
    "                    original[(z,theta)],\n",
    "                     stepsize[2], \n",
    "                     parameter[\"delH_1\"], \n",
    "                    finite_diff_option=\"lower\",\n",
    "                     option=scale_option)\n",
    "    # 4th column of Jacobian, which is according to h2 parameter\n",
    "    Q[3] = gradient(None, \n",
    "                    pert_h2[(z,theta)], \n",
    "                    original[(z,theta)],\n",
    "                     stepsize[3], \n",
    "                     parameter[\"delH_2\"], \n",
    "                    finite_diff_option=\"lower\",\n",
    "                     option=scale_option)\n",
    "    # 5th column of Jacobian, which is according to h3 parameter\n",
    "    Q[4] = gradient(None, \n",
    "                    pert_h3[(z,theta)], \n",
    "                    original[(z,theta)],\n",
    "                     stepsize[4], \n",
    "                     parameter[\"delH_3\"], \n",
    "                    finite_diff_option=\"lower\",\n",
    "                     option=scale_option)    \n",
    "    print(\"jaco:\", Q, var)\n",
    "    # convert to numpy array \n",
    "    Q_array = np.asarray(Q).reshape(1,5)\n",
    "    return Q, var"
   ]
  },
  {
   "cell_type": "code",
   "execution_count": 11,
   "id": "8e9882a0",
   "metadata": {},
   "outputs": [],
   "source": [
    "def compute_FIM(path, measure_set, stepsize, store=False, save_fim_name=None, save_jac_name=None):\n",
    "    \"\"\"Compute FIM for one design, for given measurements, and save the Jaobian and FIM of this design \n",
    "    \n",
    "    Arguments \n",
    "    ---------\n",
    "    path: string, file path \n",
    "    measure_set: set of the index of the chosen measurements\n",
    "    stepsize: finite difference step size \n",
    "    store: if True, store the Jacobian and FIM, if False, not store \n",
    "    save_fim_name: string name to store FIM \n",
    "    save_jac_name: string name to store Jacobian\n",
    "    \n",
    "    Return \n",
    "    ------\n",
    "    np.log10(np.linalg.det(FIM)): log10 of FIM determinant\n",
    "    np.log10(np.trace(FIM)): log10 of FIM trace\n",
    "    \"\"\"\n",
    "    # read files \n",
    "    all_lists = read_pickle_sens(path)\n",
    "    # formulate Jaco Nm*Np\n",
    "    jaco = np.zeros((len(measure_set), n_para))\n",
    "    # formulate variance Nm*Nm\n",
    "    variance = np.zeros((len(measure_set), len(measure_set)))\n",
    "    # loop over each measurement \n",
    "    for i, measure in enumerate(measure_set):\n",
    "        # jacobian, variance of the chosen measurements \n",
    "        jaco_row, var = jacobian_and_var(all_lists, # all Jacobian file\n",
    "                                         measure, # chosen measurements index\n",
    "                                         stepsize # finite difference stepsize)\n",
    "        # attach the Jacobian and var of this measurement \n",
    "        jaco[i] = jaco_row \n",
    "        variance[i,i] = var \n",
    "    # compute the inverse of Sigma\n",
    "    var_inv = np.linalg.inv(variance)\n",
    "    # compute FIM\n",
    "    FIM = jaco.T@var_inv@jaco\n",
    "    print(FIM)\n",
    "    print(\"log10 det:\", np.log10(np.linalg.det(FIM)))\n",
    "    print(\"log10 trace:\", np.log10(np.trace(FIM)))\n",
    "    # store as needed\n",
    "    if store:\n",
    "        save_pickle(jaco, save_jac_name)\n",
    "        save_pickle(FIM, save_fim_name)\n",
    "    \n",
    "    return np.log10(np.linalg.det(FIM)), np.log10(np.trace(FIM))\n",
    "    "
   ]
  },
  {
   "cell_type": "code",
   "execution_count": 12,
   "id": "a39b893e",
   "metadata": {},
   "outputs": [],
   "source": [
    "ads_range = [361, 362, 363, 364, 365]\n",
    "des_range = [391, 392, 393, 394]\n",
    "\n",
    "# store the D- and A-optimality \n",
    "res_d = np.zeros((len(des_range),len(ads_range)))\n",
    "res_a = np.zeros((len(des_range),len(ads_range)))"
   ]
  },
  {
   "cell_type": "code",
   "execution_count": 13,
   "id": "07b92e09",
   "metadata": {
    "scrolled": true
   },
   "outputs": [
    {
     "name": "stdout",
     "output_type": "stream",
     "text": [
      "jaco: [-0.5505764817556199, -0.040261279340434886, 0.006816643942863859, -0.01734836182061528, -0.039054821233962735] 0.0001\n",
      "jaco: [-1.3042811761583162, -0.0013971808748002587, 0.023604503796275624, -0.010200937854140515, 0.00012446680907490272] 0.0001\n",
      "jaco: [-247.9208707175916, 76.30793263971697, 50.86373272855493, 56.88119860357465, 77.05113271047048] 0.0001\n",
      "jaco: [-160.25559429269381, 108.74432240342813, 102.217051837524, 91.33227128927834, 109.22566328282824] 0.0001\n",
      "jaco: [-494.38382598244567, 33.00822317520269, 19.68992394329311, 25.07962942027722, 33.178048931764266] 0.0001\n",
      "jaco: [-257.2286491609027, 85.16168917505901, 56.25348326557933, 63.26191072366544, 86.03764426568111] 0.0001\n",
      "jaco: [-265.44283440764406, 92.69080048950163, 63.01223107953307, 69.14009523017211, 93.60617500601626] 0.0001\n",
      "jaco: [-497.5352476813233, 80.52908400392064, 47.64906298621291, 57.72973951125443, 81.23422552212844] 0.0001\n",
      "[[ 7.15731784e+09 -1.39240116e+09 -9.36286909e+08 -1.04485583e+09\n",
      "  -1.40404603e+09]\n",
      " [-1.39240116e+09  4.10668038e+08  3.01151906e+08  3.15452523e+08\n",
      "   4.13976936e+08]\n",
      " [-9.36286909e+08  3.01151906e+08  2.28285676e+08  2.33888637e+08\n",
      "   3.03460923e+08]\n",
      " [-1.04485583e+09  3.15452523e+08  2.33888637e+08  2.43211877e+08\n",
      "   3.17951588e+08]\n",
      " [-1.40404603e+09  4.13976936e+08  3.03460923e+08  3.17951588e+08\n",
      "   4.17314987e+08]]\n",
      "log10 det: 29.47222812402332\n",
      "log10 trace: 9.927205978685222\n",
      "jaco: [0.005751821973738009, -0.11254190784095006, -0.18201726442305596, -0.2123817597046629, 0.009852886803454752] 0.0001\n",
      "jaco: [-0.2601149600920472, -0.19141442544622045, -0.05511213394182785, -0.05937175224362569, -0.5043603828949791] 0.0001\n",
      "jaco: [73.61612020743685, 163.50155243581966, 215.68698455894946, 238.50558097603007, 131.7089239365783] 0.0001\n",
      "jaco: [61.13890492460949, 109.1423050771263, 130.61165299471594, 138.38098616618433, 112.81806576774677] 0.0001\n",
      "jaco: [10.561030298814444, 44.321962661408975, 82.78701137279262, 116.45528063013668, 31.287704490592372] 0.0001\n",
      "jaco: [75.88795990577913, 171.47929827666658, 221.52114257093552, 240.87596809683336, 134.95664730127655] 0.0001\n",
      "jaco: [77.25130305325229, 169.32702880348788, 212.5318650542578, 229.94249235279312, 136.64637969584936] 0.0001\n",
      "jaco: [25.08132067066353, 93.08306522669096, 105.04936142426868, 110.28323259302192, 77.1868641716736] 0.0001\n",
      "[[2.16247208e+08 4.76059196e+08 6.06017497e+08 6.60572115e+08\n",
      "  3.96576786e+08]\n",
      " [4.76059196e+08 1.07350536e+09 1.36941723e+09 1.49767037e+09\n",
      "  8.86996517e+08]\n",
      " [6.06017497e+08 1.36941723e+09 1.75710783e+09 1.92972155e+09\n",
      "  1.12779388e+09]\n",
      " [6.60572115e+08 1.49767037e+09 1.92972155e+09 2.12653264e+09\n",
      "  1.23109874e+09]\n",
      " [3.96576786e+08 8.86996517e+08 1.12779388e+09 1.23109874e+09\n",
      "  7.38976733e+08]]\n",
      "log10 det: 34.36938618694652\n",
      "log10 trace: 9.771761587459261\n",
      "jaco: [0.00041159977370560166, -0.0012985808910690247, -1.8348767583673334e-05, -0.002482463759998551, -0.5447123106752528] 0.0001\n",
      "jaco: [0.3003601052953824, -0.0014209210702335624, 0.0006860100378615602, 0.0005436286624068386, -0.9465851773934024] 0.0001\n",
      "jaco: [8.643759475558122, -0.21697454919089587, -0.004358043253716026, 4.122208463647469, -62.474709827928464] 0.0001\n",
      "jaco: [2.5483347105205723, -0.3303594165071644, 0.002459750952810147, 4.4948504916067495, -48.636342609717715] 0.0001\n",
      "jaco: [2.7419803569933285, -0.07089561087053609, -0.006188215148639209, 1.946173324807704, -38.59953788979678] 0.0001\n",
      "jaco: [9.414497992230652, -0.2770460106971129, -0.00480839419064738, 4.672582876496689, -67.03708270820118] 0.0001\n",
      "jaco: [9.938573399530526, -0.3272366425594031, -0.0051866696500479925, 5.109432690533932, -66.02110503618702] 0.0001\n",
      "jaco: [7.356334993116414, -0.4995938267275679, 0.23928248842798594, 5.793560691372976, -103.86816434848072] 0.0001\n",
      "[[ 3.30340939e+06 -1.24478579e+05  1.61526190e+04  1.89812160e+06\n",
      "  -2.82144685e+07]\n",
      " [-1.24478579e+05  5.94677496e+03 -1.15943890e+03 -8.37824441e+04\n",
      "   1.24430261e+06]\n",
      " [ 1.61526190e+04 -1.15943890e+03  5.73699393e+02  1.31837759e+04\n",
      "  -2.37982054e+05]\n",
      " [ 1.89812160e+06 -8.37824441e+04  1.31837759e+04  1.22488559e+06\n",
      "  -1.80360065e+07]\n",
      " [-2.82144685e+07  1.24430261e+06 -2.37982054e+05 -1.80360065e+07\n",
      "   2.74010526e+08]]\n",
      "log10 det: 20.838577066578083\n",
      "log10 trace: 8.444895899226092\n",
      "jaco: [-0.07482286428642909, -0.062362202256302686, -1.1334785284845827e-05, -0.018926332978300587, -0.7353752176812804] 0.0001\n",
      "jaco: [0.05144988710803348, 0.15794510960200536, 0.0006809990638080013, 0.11907517969921802, -5.814653991913171] 0.0001\n",
      "jaco: [64.17824799397337, 20.501135387137992, -0.004585829127157215, -6.817470734065689, -502.08243152853794] 0.0001\n",
      "jaco: [40.10656255560091, 9.865301549291273, 0.0020664166699990716, -10.443300228878515, -623.7979135280076] 0.0001\n",
      "jaco: [23.52526075595787, 19.01528101903252, -0.006339085108414411, 11.684343153210264, -151.35670226993713] 0.0001\n",
      "jaco: [69.85534134025117, 24.45444863832308, -0.0050636797467862316, -7.382129058756126, -533.5506578279618] 0.0001\n",
      "jaco: [68.93142401439611, 27.962379674923763, -0.005466277022359023, -7.8826601329288755, -562.0939810907521] 0.0001\n",
      "jaco: [54.57766425747985, 44.532685912826864, 0.23900929925799175, 21.541058100455214, -217.87208319462908] 0.0001\n",
      "[[ 1.88908614e+08  8.22499301e+07  1.19535196e+05 -4.64876936e+06\n",
      "  -1.48710362e+09]\n",
      " [ 8.22499301e+07  4.24230532e+07  1.01729863e+05  5.37746203e+06\n",
      "  -5.77937787e+08]\n",
      " [ 1.19535196e+05  1.01729863e+05  5.72469140e+02  5.16467955e+04\n",
      "  -4.43302134e+05]\n",
      " [-4.64876936e+06  5.37746203e+06  5.16467955e+04  8.72728183e+06\n",
      "   1.18445995e+08]\n",
      " [-1.48710362e+09 -5.77937787e+08 -4.43302134e+05  1.18445995e+08\n",
      "   1.31224800e+10]]\n",
      "log10 det: 31.493849098532586\n",
      "log10 trace: 10.125889002683236\n",
      "jaco: [-0.09078443769484955, 0.038154712020408224, -0.09647575416772604, -0.17269007129266173, -7.480196091008695e-05] 0.0001\n",
      "jaco: [0.07693097517615848, 0.21465189026840864, 0.0890487894206521, 0.08438123545624632, -0.004898621296983512] 0.0001\n",
      "jaco: [38.522605803419594, -113.44260973239761, -22.449725672977927, 133.78129632094416, 0.47482877872973006] 0.0001\n",
      "jaco: [32.546288070718134, -171.81351033792478, -57.271003509540115, 64.37145744258305, 0.3695729875572429] 0.0001\n",
      "jaco: [-41.24460341980119, -29.946942873139147, -61.557439009713384, 60.85001149234434, 0.07266297936045496] 0.0001\n",
      "jaco: [42.614906099401, -129.06000987898125, -34.811783730592296, 137.94295982841413, 0.5304168873426218] 0.0001\n",
      "jaco: [46.02987224089311, -141.88032773635504, -41.02782940020799, 129.11116293252363, 0.582094074525974] 0.0001\n",
      "jaco: [74.08845826260996, -129.93554966936327, -93.48949863116806, 81.43944833051351, 0.2395085968646682] 0.0001\n",
      "[[ 1.36682625e+08 -3.03841722e+08 -1.04883522e+08  2.25940635e+08\n",
      "   9.44647494e+05]\n",
      " [-3.03841722e+08  9.69557356e+08  3.66916206e+08 -7.47617791e+08\n",
      "  -3.01704525e+06]\n",
      " [-1.04883522e+08  3.66916206e+08  1.92087230e+08 -2.81486425e+08\n",
      "  -1.01037321e+06]\n",
      " [ 2.25940635e+08 -7.47617791e+08 -2.81486425e+08  6.80742169e+08\n",
      "   2.59561870e+06]\n",
      " [ 9.44647494e+05 -3.01704525e+06 -1.01037321e+06  2.59561870e+06\n",
      "   1.04489043e+04]]\n",
      "log10 det: 34.08913521897643\n",
      "log10 trace: 9.296463312396892\n"
     ]
    }
   ],
   "source": [
    "### First row stores Tg_des=391 K\n",
    "# For each design, use 0.001 for the step size \n",
    "# if the model fails with 0.001 stepsize, use 0.0001 \n",
    "# if 0.0001 fails, use 0.0005 \n",
    "\n",
    "# Tgads=361 K, Tgdes=391 K\n",
    "path_361_391 = \"./MBDOE_sens_001/Tgin_des_391_001/Tgin_ads_361/Tgads361_Tgdes391_\"\n",
    "# step size\n",
    "step_361_391 = [0.001, 0.001, 0.001, 0.001, 0.001]\n",
    "# compute FIM\n",
    "d, t = compute_FIM(path_361_391, measure_list, step_361_391)\n",
    "# fill in the heatmap array\n",
    "res_d[0,0], res_a[0,0] = d, t\n",
    "\n",
    "# Tgads=362 K, Tgdes=391 K\n",
    "path_362_391 = \"./MBDOE_sens_001/Tgin_des_391_001/Tgin_ads_362/Tgads362_Tgdes391_\"\n",
    "# step size\n",
    "step_362_391 = [0.001, 0.001, 0.001, 0.001, 0.0005]\n",
    "# compute FIM\n",
    "d, t = compute_FIM(path_362_391, measure_list, step_362_391)\n",
    "# fill in the heatmap array\n",
    "res_d[0,1], res_a[0,1] = d, t \n",
    "\n",
    "# Tgads=363 K, Tgdes=391 K\n",
    "path_363_391 = \"./MBDOE_sens_001/Tgin_des_391_001/Tgin_ads_363/Tgads363_Tgdes391_\"\n",
    "# step size\n",
    "step_363_391 = [0.001, 0.0001, 0.001, 0.001, 0.001]\n",
    "# compute FIM\n",
    "d, t = compute_FIM(path_363_391, measure_list, step_363_391)\n",
    "# fill in the heatmap array\n",
    "res_d[0,2], res_a[0,2] = d, t\n",
    "\n",
    "# Tgads=364 K, Tgdes=391 K\n",
    "path_364_391 = \"./MBDOE_sens_001/Tgin_des_391_001/Tgin_ads_364/Tgads364_Tgdes391_\"\n",
    "# step size\n",
    "step_364_391 = [0.001, 0.001, 0.001, 0.001, 0.001]\n",
    "# compute FIM\n",
    "d, t = compute_FIM(path_364_391, measure_list, step_364_391)\n",
    "# fill in the heatmap array\n",
    "res_d[0,3], res_a[0,3] = d, t\n",
    "\n",
    "# Tgads=365 K, Tgdes=391 K\n",
    "path_365_391 = \"./MBDOE_sens_001/Tgin_des_391_001/Tgin_ads_365/Tgads365_Tgdes391_\"\n",
    "# step size\n",
    "step_365_391 = [0.001, 0.0001, 0.001, 0.001, 0.001]\n",
    "# compute FIM\n",
    "d, t = compute_FIM(path_365_391, measure_list, step_365_391)\n",
    "# fill in the heatmap array\n",
    "res_d[0,4], res_a[0,4] = d, t"
   ]
  },
  {
   "cell_type": "code",
   "execution_count": 21,
   "id": "0f00ddc9",
   "metadata": {
    "scrolled": true
   },
   "outputs": [
    {
     "name": "stdout",
     "output_type": "stream",
     "text": [
      "jaco: [-0.255381486958945, -0.27282460853218543, -0.26354385042479156, -0.3310699174892799, -0.27333908608679247] 0.0001\n",
      "jaco: [0.15192116416745638, 0.20242694608930945, 0.20521396718582577, 0.2924743492196856, -0.06432481959778823] 0.0001\n",
      "jaco: [100.75957210138442, 155.48319231141366, 138.43766187857776, 174.41724818620503, 151.6510629796408] 0.0001\n",
      "jaco: [90.51554548776042, 179.20504334808112, 158.45617840935938, 199.26340667780923, 177.3889625689113] 0.0001\n",
      "jaco: [31.937462008356842, 56.62044724798804, 49.21960376145151, 63.38657881122614, 56.63138985732524] 0.0001\n",
      "jaco: [114.01497431384078, 174.93719922621165, 155.802689686112, 195.26973601197815, 170.86192209498313] 0.0001\n",
      "jaco: [125.10422931398568, 191.74232572024084, 170.77658330214194, 213.16466839122822, 187.42643942604425] 0.0001\n",
      "jaco: [50.981142242454645, 108.14119772470033, 88.5958459754494, 161.60911299579567, 106.3532708798552] 0.0001\n",
      "[[5.06152045e+08 8.31420739e+08 7.35091446e+08 9.48056713e+08\n",
      "  8.14961470e+08]\n",
      " [8.31420739e+08 1.38558123e+09 1.22289472e+09 1.58926317e+09\n",
      "  1.35903602e+09]\n",
      " [7.35091446e+08 1.22289472e+09 1.07984371e+09 1.39985423e+09\n",
      "  1.19941281e+09]\n",
      " [9.48056713e+08 1.58926317e+09 1.39985423e+09 1.83832286e+09\n",
      "  1.55891947e+09]\n",
      " [8.14961470e+08 1.35903602e+09 1.19941281e+09 1.55891947e+09\n",
      "  1.33305567e+09]]\n",
      "log10 det: 29.780196811781575\n",
      "log10 trace: 9.78837737054199\n",
      "jaco: [-0.3230175256439154, -0.011156881797072657, 0.006157769086877641, 0.01082022754068674, -0.20273118867735004] 0.0001\n",
      "jaco: [-0.2749982999604412, 0.015415114460815569, 0.1393542967059951, -1.944804711137565, 0.09547366728786862] 0.0001\n",
      "jaco: [-170.56761109790224, 9.526639472052455, 5.9720810332358765, -71.26113052965427, 149.6675603288366] 0.0001\n",
      "jaco: [-169.55928474934072, 9.753479762684202, 3.1074753895017904, -120.09925178100738, 68.84978488790966] 0.0001\n",
      "jaco: [-58.74815785256956, 4.302484831349457, 3.172979793051256, -32.38576033851773, 79.46932850963623] 0.0001\n",
      "jaco: [-189.75381297031984, 10.709830796043763, 6.394360895259799, -78.81187933337236, 151.58999963080595] 0.0001\n",
      "jaco: [-112.40434939370819, 11.632071934687794, 6.860709259914832, -85.77122680822885, 139.82021095560341] 0.0001\n",
      "jaco: [-134.97661463927696, 12.584074175025425, 8.955090638956802, -73.26171892444643, 85.14776695208808] 0.0001\n",
      "[[ 1.28155121e+09 -8.56977532e+07 -4.92524767e+07  6.89064515e+08\n",
      "  -9.78453335e+08]\n",
      " [-8.56977532e+07  6.12763461e+06  3.61834650e+06 -4.75332394e+07\n",
      "   6.76068100e+07]\n",
      " [-4.92524767e+07  3.61834650e+06  2.23560245e+06 -2.65028141e+07\n",
      "   4.05103539e+07]\n",
      " [ 6.89064515e+08 -4.75332394e+07 -2.65028141e+07  3.94898940e+08\n",
      "  -5.16858653e+08]\n",
      " [-9.78453335e+08  6.76068100e+07  4.05103539e+07 -5.16858653e+08\n",
      "   8.32354575e+08]]\n",
      "log10 det: 33.457477587076674\n",
      "log10 trace: 9.40091219513617\n",
      "jaco: [0.0013108753384506212, -0.0019631774154514788, -1.9230179790566404e-05, -0.0008554768064403771, 2.9795765544519265e-06] 0.0001\n",
      "jaco: [-8.417834920738596e-05, -0.0014184515735648833, 0.000686194509571603, 0.0013873188197149238, 7.040277705434861e-07] 0.0001\n",
      "jaco: [0.015234858692814157, -0.21572394486885083, -0.004294430263784843, 2.640876983305729, 3.8667485102727994e-05] 0.0001\n",
      "jaco: [-0.001278061573073419, -0.3310136475851433, 0.0024966700427064836, 2.951047799274076, 0.0007691296988743268] 0.0001\n",
      "jaco: [-0.0045850910969091885, -0.07106062248335432, -0.006186180274869724, 1.2497304169380719, -0.00032615983083794653] 0.0001\n",
      "jaco: [0.016904000257944585, -0.2755987973870888, -0.004741212713654797, 3.0001874907233383, 6.905872573792493e-05] 0.0001\n",
      "jaco: [0.018004129326176788, -0.3257430724145638, -0.0051167961306330945, 3.290413724715724, 8.309491134061986e-05] 0.0001\n",
      "jaco: [-0.012971014372836764, -0.4992629770428775, 0.23930622088637332, 3.7112765249416313, -0.0008948617261084202] 0.0001\n",
      "[[ 1.03462401e+01 -6.58759794e+01 -3.31664806e+01  9.25475841e+02\n",
      "   1.53761022e-01]\n",
      " [-6.58759794e+01  5.92489100e+03 -1.15964665e+03 -5.38692491e+04\n",
      "   1.60907579e+00]\n",
      " [-3.31664806e+01 -1.15964665e+03  5.73795436e+02  8.45367298e+03\n",
      "  -2.11126262e+00]\n",
      " [ 9.25475841e+02 -5.38692491e+04  8.45367298e+03  5.08462640e+05\n",
      "  -8.76232412e+00]\n",
      " [ 1.53761022e-01  1.60907579e+00 -2.11126262e+00 -8.76232412e+00\n",
      "   1.51189666e-02]]\n",
      "log10 det: 7.63354265246795\n",
      "log10 trace: 5.711783353231007\n",
      "jaco: [0.0022562921818051855, -0.017794077389969444, -3.83061072872521e-05, -2.630193796397326e-05, -0.04026230129159725] 0.0001\n",
      "jaco: [-0.012920996958919856, 0.816090117376864, 0.0028721050790468184, 0.0025551429538641377, 0.08758273538684636] 0.0001\n",
      "jaco: [-12.247201501503934, 45.810538462529195, 0.10580430833556642, 0.19376288112554763, 9.683864625908534] 0.0001\n",
      "jaco: [-12.953337168448098, 20.154664599384308, 0.1311599673241015, 0.29860848364904324, 11.392556557600797] 0.0001\n",
      "jaco: [-5.773927840037746, -9.65970169068983, 0.00042158189850205474, 0.04520064420290848, -10.865608769468377] 0.0001\n",
      "jaco: [-13.7298778865374, 50.01748926708355, 0.1189230208051284, 0.24496942546814449, 11.083321019320968] 0.0001\n",
      "jaco: [-15.01807081726636, 52.03196250098946, 0.13162003829059188, 0.2895493256848125, 12.240487073096217] 0.0001\n",
      "jaco: [-16.45549929609387, -8.291682488488133, 0.2691752031355743, 0.14714797284169634, 14.212963643524562] 0.0001\n",
      "[[ 1.03595676e+07 -2.09806717e+07 -1.10361273e+05 -1.66353137e+05\n",
      "  -7.73318408e+06]\n",
      " [-2.09806717e+07  7.87661845e+07  1.80534742e+05  4.05586677e+05\n",
      "   1.85167401e+07]\n",
      " [-1.10361273e+05  1.80534742e+05  1.32327726e+03  1.66544405e+03\n",
      "   9.26944706e+04]\n",
      " [-1.66353137e+05  4.05586677e+05  1.66544405e+03  2.94262066e+03\n",
      "   1.31380882e+05]\n",
      " [-7.73318408e+06  1.85167401e+07  9.26944706e+04  1.31380882e+05\n",
      "   8.16316189e+06]]\n",
      "log10 det: 22.700332461304328\n",
      "log10 trace: 7.988082397762066\n",
      "jaco: [-0.0024962875018830297, -0.004685396636836155, -0.002572316520677454, -0.005521423126085686, 0.10461161157819791] 0.0001\n",
      "jaco: [0.0030386622028509514, -0.2702866127814818, 0.0037418361558705935, -0.008603846536036621, 0.09414201512940225] 0.0001\n",
      "jaco: [0.2790224555819787, -3.8448974385586476, 0.2646081741343731, 77.01504677534399, -9.422250307888014] 0.0001\n",
      "jaco: [0.5169454056020983, -2.542859524059582, 0.5175576166556173, 43.58748902778747, -11.925680236781977] 0.0001\n",
      "jaco: [0.04280156947980562, -3.1734815912943524, 0.03778735765072594, -12.92001823878433, -10.783797068720373] 0.0001\n",
      "jaco: [0.291018908553764, -4.48055428073385, 0.2750611795296898, 82.34247589937033, -10.239842228198958] 0.0001\n",
      "jaco: [0.30129580622872965, -4.992657887478269, 0.28419162362935957, 79.69382557650984, -10.53128064451353] 0.0001\n",
      "jaco: [0.1257379009393239, -9.397271357516043, 0.3685709920520919, -20.50314352571142, -55.51311362095193] 0.0001\n",
      "[[ 5.38214710e+03 -6.51375795e+04  5.55032896e+03  8.88648809e+05\n",
      "  -2.23886043e+05]\n",
      " [-6.51375795e+04  1.64704141e+06 -8.56924413e+04 -9.40098363e+06\n",
      "   7.20880205e+06]\n",
      " [ 5.55032896e+03 -8.56924413e+04  6.31599983e+03  8.01902888e+05\n",
      "  -3.53428473e+05]\n",
      " [ 8.88648809e+05 -9.40098363e+06  8.01902888e+05  2.15498817e+08\n",
      "  -1.65039871e+07]\n",
      " [-2.23886043e+05  7.20880205e+06 -3.53428473e+05 -1.65039871e+07\n",
      "   3.64477876e+07]]\n",
      "log10 det: 23.960801651444818\n",
      "log10 trace: 8.404158400610966\n"
     ]
    }
   ],
   "source": [
    "### Second row stores Tg_des=392 K\n",
    "# For each design, use 0.001 for the step size \n",
    "# if the model fails with 0.001 stepsize, use 0.0001 \n",
    "# if 0.0001 fails, use 0.0005 \n",
    "\n",
    "# Tgads=361 K, Tgdes=392 K\n",
    "path_361_392 = \"./MBDOE_sens_001/Tgin_des_392_001/Tgin_ads_361/Tgads361_Tgdes392_\"\n",
    "# step size\n",
    "step_361_392 = [0.001, 0.001, 0.001, 0.001, 0.001]\n",
    "d, t = compute_FIM(path_361_392, measure_list, step_361_392)\n",
    "# fill in the heatmap array\n",
    "res_d[1,0], res_a[1,0] = d, t \n",
    "\n",
    "# Tgads=362 K, Tgdes=392 K\n",
    "path_362_392 = \"./MBDOE_sens_001/Tgin_des_392_001/Tgin_ads_362/Tgads362_Tgdes392_\"\n",
    "# step size\n",
    "step_362_392 = [0.001, 0.001, 0.001, 0.001, 0.001]\n",
    "d, t = compute_FIM(path_362_392, measure_list, step_362_392)\n",
    "# fill in the heatmap array\n",
    "res_d[1,1], res_a[1,1] = d, t \n",
    "\n",
    "# Tgads=363 K, Tgdes=392 K\n",
    "path_363_392 = \"./MBDOE_sens_001/Tgin_des_392_001/Tgin_ads_363/Tgads363_Tgdes392_\"\n",
    "# step size\n",
    "step_363_392 = [0.001, 0.001, 0.001, 0.001, 0.001]\n",
    "d, t = compute_FIM(path_363_392, measure_list, step_363_392)\n",
    "# fill in the heatmap array\n",
    "res_d[1,2], res_a[1,2] = d, t\n",
    "\n",
    "# Tgads=364 K, Tgdes=392 K\n",
    "path_364_392 = \"./MBDOE_sens_001/Tgin_des_392_001/Tgin_ads_364/Tgads364_Tgdes392_\"\n",
    "# step size\n",
    "step_364_392 = [0.001, 0.001, 0.001, 0.001, 0.001]\n",
    "d, t = compute_FIM(path_364_392, measure_list, step_364_392)\n",
    "# fill in the heatmap array\n",
    "res_d[1,3], res_a[1,3] = d, t\n",
    "\n",
    "# Tgads=365 K, Tgdes=392 K\n",
    "path_365_392 = \"./MBDOE_sens_001/Tgin_des_392_001/Tgin_ads_365/Tgads365_Tgdes392_\"\n",
    "# step size\n",
    "step_365_392 = [0.001, 0.001, 0.001, 0.001, 0.001]\n",
    "d, t = compute_FIM(path_365_392, measure_list, step_365_392)\n",
    "# fill in the heatmap array\n",
    "res_d[1,4], res_a[1,4] = d, t"
   ]
  },
  {
   "cell_type": "code",
   "execution_count": 18,
   "id": "f1fcb0fd",
   "metadata": {
    "scrolled": true
   },
   "outputs": [
    {
     "name": "stdout",
     "output_type": "stream",
     "text": [
      "jaco: [-0.04822092237154662, -0.01066441748570862, -0.04409323563789921, -0.24130139444957757, -3.295685816156011] 0.0001\n",
      "jaco: [-0.07836835923181346, 0.44173750125580963, 0.4491456657528522, 0.5220990348977121, -12.038886384267117] 0.0001\n",
      "jaco: [29.042742245909412, 43.21715011502414, 76.19991846072888, 212.44848936274042, -903.0730458471023] 0.0001\n",
      "jaco: [61.912708683244944, 54.76515301957669, 92.10322394548098, 142.47316907176116, -1104.521181023225] 0.0001\n",
      "jaco: [29.451486965418937, 18.83353896280482, 31.51405705072019, 134.2193652669481, -796.9587415302508] 0.0001\n",
      "jaco: [32.41310238797945, 47.868625118090975, 85.25800671695782, 216.43362293076788, -954.690718389555] 0.0001\n",
      "jaco: [40.360361310365185, 52.3057118825041, 92.16105909103406, 208.62851726863323, -1001.3581442953243] 0.0001\n",
      "jaco: [67.76294822005721, 41.124097396005126, 79.01623918049552, 139.07662161451512, -1043.5505212821045] 0.0001\n",
      "[[ 1.28154480e+08  1.16497833e+08  2.06810209e+08  4.38037666e+08\n",
      "  -2.60155858e+09]\n",
      " [ 1.16497833e+08  1.19403256e+08  2.10821154e+08  4.65042856e+08\n",
      "  -2.55523907e+09]\n",
      " [ 2.06810209e+08  2.10821154e+08  3.72889255e+08  8.22102736e+08\n",
      "  -4.51803412e+09]\n",
      " [ 4.38037666e+08  4.65042856e+08  8.22102736e+08  1.93159811e+09\n",
      "  -1.01686644e+10]\n",
      " [-2.60155858e+09 -2.55523907e+09 -4.51803412e+09 -1.01686644e+10\n",
      "   5.67395719e+10]]\n",
      "log10 det: 35.771472906356806\n",
      "log10 trace: 10.772993294538233\n",
      "jaco: [-0.033072976326400244, 0.008796907432538333, 0.01986806708308619, 0.009932960348816135, -0.16376373981955883] 0.0001\n",
      "jaco: [-0.01931189113940786, 0.07874025743716381, -0.029440340506774187, -0.014906818503006335, 0.14552465683367877] 0.0001\n",
      "jaco: [-26.444158518236115, -4.267402403624054, -19.898113303101095, -9.860469510942215, 163.68963361182043] 0.0001\n",
